Gene ID	ST	YL	ML	FL	RT	PH	IXEucgr.H03515	7.09 	5.73 	4.29 	2.62 	1.25 	14.00 	65.01 Eucgr.C00769	7.39 	7.19 	8.21 	5.75 	1.14 	17.47 	52.84 Eucgr.K00816	7.54 	7.56 	9.56 	2.96 	1.76 	20.56 	50.05 Eucgr.C03199	8.79 	11.96 	7.65 	13.94 	1.73 	9.79 	46.14 Eucgr.C03205	7.93 	10.37 	7.55 	23.28 	0.93 	4.97 	44.98 Eucgr.C03204	10.26 	12.38 	7.64 	16.88 	2.92 	10.32 	39.60 Eucgr.D02653	12.56 	20.95 	14.40 	22.55 	3.58 	8.20 	17.76 Eucgr.H01094	9.28 	2.49 	3.84 	18.02 	35.80 	16.63 	13.93 Eucgr.C03207	26.16 	30.48 	5.65 	22.96 	0.78 	2.12 	11.85 Eucgr.F03879	14.65 	19.44 	15.22 	29.61 	2.86 	8.02 	10.21 Eucgr.F02588	14.52 	15.67 	15.08 	12.62 	7.75 	12.79 	21.57 Eucgr.B03711	8.38 	30.58 	15.64 	0.56 	1.90 	15.53 	27.42 Eucgr.F01647	14.24 	21.96 	13.28 	19.46 	1.36 	9.72 	19.97 Eucgr.C03728	12.09 	13.29 	18.72 	15.94 	9.66 	11.55 	18.74 Eucgr.J00734	17.82 	36.81 	23.21 	5.76 	1.31 	7.38 	7.70 Eucgr.G02157	9.19 	9.90 	11.46 	9.23 	3.56 	21.03 	35.62 Eucgr.B02942	8.88 	8.91 	11.36 	14.29 	9.23 	18.68 	28.66 Eucgr.J01084	12.79 	19.08 	16.01 	15.75 	0.00 	11.45 	24.92 Eucgr.K00185	12.44 	17.35 	31.10 	12.74 	2.66 	9.86 	13.84 Eucgr.H01421	15.54 	40.10 	11.58 	13.41 	1.80 	6.39 	11.17 Eucgr.D02001	16.83 	35.98 	8.80 	20.73 	2.02 	7.24 	8.41 Eucgr.E04308	6.62 	5.92 	5.45 	7.19 	1.21 	8.13 	65.50 Eucgr.F02905	8.73 	10.08 	12.82 	11.12 	0.00 	21.54 	35.71 Eucgr.D01117	16.29 	18.27 	16.17 	16.96 	4.23 	13.38 	14.69 Eucgr.J00183	13.04 	24.51 	23.64 	18.91 	3.69 	6.12 	10.08 Eucgr.C00246	0.35 	0.79 	0.62 	1.91 	0.88 	2.71 	92.74 Eucgr.D00476	0.42 	0.70 	0.56 	1.68 	1.60 	3.22 	91.82 Eucgr.A01324	0.61 	1.09 	0.84 	1.98 	1.47 	2.68 	91.33 Eucgr.F04216	2.13 	5.06 	0.52 	6.17 	0.67 	1.71 	83.74 Eucgr.F04212	3.88 	7.43 	2.63 	8.01 	3.05 	5.95 	69.06 Eucgr.A02372	5.89 	3.75 	2.14 	5.68 	3.25 	13.52 	65.77 Eucgr.J01278	13.37 	10.41 	17.26 	18.06 	1.94 	17.65 	21.31 Eucgr.C01769	13.90 	10.90 	12.19 	22.90 	2.05 	17.08 	20.98 Eucgr.G03380	15.02 	16.51 	21.09 	18.05 	0.00 	11.77 	17.57 Eucgr.J01639	21.63 	23.12 	14.34 	7.40 	1.99 	16.77 	14.75 Eucgr.C01147	13.21 	16.33 	23.38 	19.97 	0.45 	13.10 	13.57 Eucgr.C02801	13.98 	18.68 	28.82 	14.57 	0.00 	10.68 	13.28 Eucgr.I00286	17.42 	21.17 	26.07 	12.91 	1.05 	9.07 	12.31 Eucgr.B03971	15.80 	38.99 	12.83 	9.65 	2.63 	7.80 	12.30 Eucgr.H00939	12.94 	27.10 	15.84 	13.58 	2.52 	15.77 	12.25 Eucgr.F03635	14.13 	14.87 	25.46 	23.18 	0.00 	12.05 	10.31 Eucgr.K02506	9.49 	9.38 	4.92 	8.56 	9.82 	8.58 	49.24 Eucgr.J01372	9.91 	7.63 	12.75 	5.22 	0.00 	19.77 	44.73 Eucgr.G02921	1.78 	2.20 	2.04 	1.83 	5.13 	4.65 	82.38 Eucgr.J00040	6.53 	5.59 	5.77 	7.97 	0.00 	12.51 	61.62 Eucgr.B00451	8.88 	4.45 	5.34 	10.41 	7.00 	13.32 	50.60 Eucgr.A01221	6.23 	7.40 	5.91 	8.19 	4.20 	19.23 	48.84 Eucgr.H01112	17.34 	18.67 	17.10 	18.08 	2.74 	10.95 	15.12 Eucgr.A01172	0.38 	0.41 	0.44 	1.62 	2.20 	5.12 	89.83 Eucgr.K03214	0.80 	0.45 	0.54 	1.31 	3.50 	1.02 	92.38 Eucgr.F02177	4.35 	6.17 	4.95 	12.77 	7.49 	9.46 	54.80 Eucgr.F00463	9.78 	11.19 	10.43 	14.08 	5.68 	13.61 	35.23 Eucgr.C00584	10.15 	14.28 	14.23 	19.53 	2.48 	20.69 	18.64 Eucgr.G01977	0.63 	0.77 	0.69 	2.46 	3.86 	3.78 	87.81 Eucgr.K02191	16.00 	16.63 	19.86 	17.35 	5.21 	24.95 	43.42 Eucgr.L02297	17.86 	12.03 	10.82 	2.29 	1.62 	23.62 	31.76 Eucgr.F01531	17.85 	6.59 	16.25 	5.29 	2.23 	23.09 	28.70 Eucgr.I01882	16.75 	10.79 	17.65 	0.67 	5.53 	24.88 	23.72 Eucgr.A00485	32.85 	13.34 	10.24 	18.76 	3.42 	1.93 	19.45 Eucgr.B02574	25.31 	8.57 	15.34 	12.91 	11.49 	13.55 	12.83 Eucgr.B03054	18.84 	11.20 	19.70 	15.85 	2.87 	19.02 	12.51 Eucgr.H01923	22.60 	8.26 	11.55 	26.26 	2.32 	23.45 	5.56 Eucgr.H02219	1.57 	1.35 	1.99 	3.62 	5.04 	2.90 	83.52 Eucgr.I00880	5.56 	2.82 	4.78 	7.14 	8.01 	14.69 	56.99 Eucgr.D00335	2.37 	3.24 	3.04 	4.41 	3.63 	4.87 	78.45 Eucgr.B03976	11.93 	21.46 	17.32 	10.08 	0.00 	11.35 	27.85 Eucgr.I01644	0.16 	0.25 	0.10 	0.06 	1.91 	5.60 	91.92 Eucgr.I02785	0.32 	0.42 	0.52 	1.10 	2.34 	3.80 	91.51 Eucgr.H02125	0.00 	0.50 	0.00 	4.03 	4.10 	0.91 	90.45 Eucgr.H02217	0.35 	0.35 	0.44 	3.63 	4.58 	3.36 	87.29 Eucgr.I00888	7.26 	2.77 	2.71 	7.64 	6.90 	5.88 	66.85 Eucgr.K02723	3.63 	5.00 	7.75 	10.44 	12.35 	8.22 	52.61 Eucgr.F02961	7.07 	3.91 	9.72 	17.80 	5.27 	29.79 	26.43 Eucgr.I01114	23.58 	10.34 	15.30 	16.49 	3.73 	26.43 	4.12 Eucgr.J00384	3.32 	4.36 	10.86 	6.11 	13.48 	5.64 	56.23 Eucgr.F00995	0.69 	1.30 	1.22 	2.73 	4.55 	1.56 	87.95 Eucgr.H04942	0.66 	0.74 	0.70 	1.95 	1.68 	3.73 	90.54 Eucgr.F00232	2.56 	1.10 	1.73 	3.33 	4.70 	11.10 	75.48 Eucgr.H04216	13.88 	16.16 	12.26 	12.98 	10.27 	14.73 	19.72 Eucgr.F02737	12.69 	15.90 	15.73 	16.37 	9.08 	14.85 	15.38 Eucgr.A02628	0.00 	0.00 	0.00 	0.00 	0.00 	0.00 	100.00 Eucgr.J00170	0.14 	0.38 	0.17 	0.47 	0.00 	3.80 	95.04 Eucgr.A00530	0.19 	0.59 	0.21 	1.34 	0.34 	3.12 	94.21 Eucgr.F01211	0.84 	1.26 	1.07 	2.09 	3.60 	2.14 	89.00 Eucgr.K02974	1.38 	1.99 	1.65 	4.97 	5.43 	3.31 	81.28 Eucgr.J00196	1.50 	1.72 	2.61 	4.27 	2.93 	8.67 	78.30 Eucgr.E00070	2.14 	1.69 	8.11 	3.74 	1.43 	11.48 	71.40 Eucgr.G03092	7.67 	9.85 	8.12 	3.08 	3.87 	8.01 	59.40 Eucgr.H03574	5.87 	9.28 	6.78 	9.65 	3.02 	6.24 	59.15 Eucgr.F03235	5.89 	8.39 	5.65 	16.63 	0.56 	4.15 	58.73 Eucgr.H04947	4.82 	5.46 	5.93 	5.97 	4.86 	16.30 	56.65 Eucgr.K02955	3.10 	3.39 	1.59 	2.54 	29.20 	14.01 	46.19 Eucgr.C03303	11.32 	11.14 	12.81 	8.13 	9.89 	8.99 	37.72 Eucgr.H01509	8.35 	8.58 	8.00 	9.45 	9.74 	18.52 	37.35 Eucgr.J00985	3.22 	5.46 	5.39 	4.95 	0.84 	45.56 	34.59 Eucgr.F02742	11.30 	15.21 	13.89 	7.24 	0.99 	21.28 	30.08 Eucgr.C00073	9.65 	17.04 	13.69 	15.08 	3.04 	16.48 	25.01 Eucgr.G01129	9.56 	13.17 	11.29 	12.24 	10.43 	19.26 	24.04 Eucgr.I00187	12.56 	11.96 	16.43 	17.52 	1.97 	16.26 	23.31 Eucgr.L01011	5.06 	3.08 	9.79 	8.20 	2.69 	48.52 	22.66 Eucgr.K00144	15.56 	11.27 	17.72 	13.15 	6.45 	16.68 	19.16 Eucgr.D01711	16.42 	11.66 	16.70 	11.84 	0.00 	25.27 	18.11 Eucgr.I02565	11.76 	16.77 	12.87 	14.69 	11.88 	14.09 	17.95 Eucgr.A02463	13.75 	11.64 	17.19 	15.93 	3.35 	23.50 	14.63 Eucgr.B03360	8.59 	9.35 	33.32 	4.36 	1.42 	28.53 	14.43 Eucgr.K03547	14.49 	16.65 	15.35 	19.51 	5.46 	15.05 	13.51 Eucgr.A00614	18.44 	25.82 	19.58 	11.08 	0.00 	12.98 	12.10 Eucgr.B03636	15.27 	12.70 	16.49 	20.74 	2.24 	20.48 	12.09 Eucgr.B01121	11.54 	13.54 	20.18 	28.36 	2.50 	12.64 	11.24 Eucgr.E02713	6.53 	9.07 	54.14 	12.15 	2.13 	5.29 	10.69 Eucgr.I02119	8.42 	7.21 	22.06 	13.42 	0.82 	37.63 	10.44 Eucgr.B02240	17.13 	31.31 	16.63 	18.57 	1.23 	8.78 	6.35 Eucgr.A01900	11.78 	13.94 	48.45 	16.67 	2.16 	4.56 	2.44 